8

4	6	3	10	7	9	8	7	
16	5	5	5	
20	6	6	6	
8	8	8	8	14	14	
5	5	5	17	5	5	
14	14	14	
16	16	17	
19	19	7	7	7	16	16	18	18	18	
19	19	15	15	15	15	15	9	9	9	
17	17	17	13	10	10	10	
7	7	7	6	6	6	6	
16	16	16	10	10	10	14	14	14	
16	16	16	11	11	11	11	11	11	
19	19	19	8	8	8	7	7	
8	8	8	9	9	9	6	6	
13	13	7	13	12	12	14	
18	18	8	12	7	7	18	


2
5	8	
6	5	

3	3	3	4	2	4	3	3	
61	37	84	
85	95	46	
1	1	1	
72	62	35	
55	41	33	
1	1	1	
90	47	52	
68	44	63	
1	1	1	
39	39	81	61	
56	56	81	44	
1	1	1	1	
54	40	
97	86	
1	1	
33	33	93	84	
43	43	77	70	
1	1	1	1	
41	86	62	
74	91	30	
1	1	1	
100	69	83	
37	65	62	
1	1	1	

