8

7	8	11	8	6	5	10	10	
20	14	20	17	17	17	7	
14	10	15	19	19	19	13	
7	7	7	15	15	15	10	20	
17	17	17	11	11	11	12	10	
18	10	10	10	18	18	7	7	14	14	14	
9	20	20	20	5	5	12	12	15	15	15	
20	20	14	8	8	8	14	14	
14	14	18	17	17	17	15	15	
5	5	5	12	12	14	
20	20	20	13	13	9	
5	17	17	11	11	
9	15	15	9	9	
20	20	20	13	16	16	16	19	19	19	
15	15	15	19	5	5	5	5	5	5	
10	10	14	11	11	11	17	17	17	9	
18	18	9	17	17	17	9	9	9	8	


3
5	16	9	
9	5	8	

3	3	2	2	2	3	3	2	
68	70	97	
37	43	52	
1	1	1	
88	89	55	
39	35	79	
1	1	1	
66	58	
77	88	
1	1	
95	85	
69	97	
1	1	
30	65	
84	56	
1	1	
75	42	73	
63	55	89	
1	1	1	
90	67	76	
57	52	86	
1	1	1	
46	88	
91	56	
1	1	

