8

4	4	7	5	10	8	11	6	
12	12	12	10	
13	13	13	10	
16	16	16	15	
18	18	7	8	
8	10	10	6	6	6	10	
19	10	10	16	16	16	6	
20	15	15	15	16	
14	8	8	8	17	
18	18	13	15	15	17	17	17	15	15	
5	5	15	5	5	5	5	5	17	17	
19	19	19	18	18	18	14	14	
16	16	16	12	12	12	14	17	
5	5	5	8	8	8	14	14	14	16	11	
5	5	5	16	16	16	12	12	12	20	6	
7	7	7	12	12	16	
6	6	6	15	15	5	


1
5	
5	

3	2	2	2	3	3	3	2	
33	57	62	
32	91	84	
1	1	1	
91	81	
83	68	
1	1	
70	39	
35	72	
1	1	
78	51	
92	93	
1	1	
50	71	33	
70	81	47	
1	1	1	
57	34	94	
50	86	45	
1	1	1	
68	50	48	
94	68	53	
1	1	1	
61	73	
64	89	
1	1	

