8

5	10	6	4	7	8	11	6	
17	17	17	8	8	
13	13	13	11	11	
18	18	7	7	7	11	11	11	13	8	
12	12	18	18	18	17	17	17	10	11	
16	18	18	18	19	19	
6	17	17	17	19	16	
10	10	10	13	
17	17	17	20	
18	18	18	15	15	13	13	
14	14	14	8	8	5	5	
17	17	10	10	10	16	16	16	
6	6	6	6	6	17	17	17	
8	11	11	11	11	11	15	15	20	20	20	
20	11	11	16	16	16	10	10	17	17	17	
14	16	16	16	14	10	
14	10	10	10	20	7	


4
8	7	13	10	
11	18	5	6	

2	3	3	2	4	3	2	2	
85	55	
40	36	
1	1	
59	92	51	
53	88	58	
1	1	1	
98	44	44	
82	49	49	
1	1	1	
51	32	
89	70	
1	1	
35	38	31	31	
51	80	49	49	
1	1	1	1	
67	37	39	
77	55	78	
1	1	1	
88	54	
70	83	
1	1	
57	45	
83	66	
1	1	

