8

5	4	10	4	9	13	6	3	
20	20	20	20	18	
20	20	17	17	14	
7	7	7	13	
9	9	9	5	
17	17	16	16	16	12	6	7	7	7	
13	13	12	12	12	11	17	5	5	5	
12	7	7	7	
6	11	11	11	
14	14	14	16	16	16	15	15	15	
9	9	9	17	17	17	18	18	18	
7	7	7	9	9	9	15	15	15	13	6	6	6	
5	5	5	10	10	10	7	7	7	10	6	6	6	
20	19	19	20	20	20	
7	12	12	18	18	18	
14	17	17	
19	11	11	


2
7	6	
5	6	

5	2	3	2	2	3	4	2	
31	51	51	30	30	
98	39	39	64	64	
1	1	1	1	1	
86	82	
87	98	
1	1	
68	65	78	
97	65	34	
1	1	1	
54	53	
85	59	
1	1	
43	35	
64	85	
1	1	
82	38	52	
99	98	53	
1	1	1	
66	35	35	35	
47	41	41	41	
1	1	1	1	
73	38	
50	84	
1	1	

