8

6	5	8	7	11	10	9	15	
9	9	19	11	11	11	
15	15	18	14	14	14	
20	14	18	18	18	
15	10	14	14	14	
17	14	14	8	8	8	8	8	
7	20	20	7	7	18	18	18	
9	9	18	15	17	8	8	
9	9	7	16	18	15	15	
14	14	14	6	6	6	19	19	19	11	11	
14	14	14	20	20	20	8	8	8	12	12	
20	20	14	14	14	18	18	8	8	8	
16	16	10	10	10	20	20	17	17	17	
20	20	20	11	11	15	15	14	9	
16	16	16	5	5	12	12	14	14	
6	6	6	8	8	8	11	11	11	12	12	12	20	20	20	
8	8	8	5	5	5	17	17	17	16	16	16	6	6	6	


2
6	8	
8	5	

2	3	2	2	2	4	2	2	
81	33	
37	64	
1	1	
34	59	72	
83	86	44	
1	1	1	
55	32	
91	43	
1	1	
41	41	
96	86	
1	1	
80	74	
86	59	
1	1	
85	85	51	51	
39	63	35	35	
1	1	1	1	
78	62	
53	93	
1	1	
56	52	
66	85	
1	1	

