8

7	8	8	9	5	7	2	6	
15	11	11	11	18	18	18	
15	13	13	13	13	13	13	
18	18	6	12	12	8	18	18	
9	9	7	8	8	19	6	6	
19	19	19	15	15	9	9	9	
20	20	20	14	14	14	14	14	
7	7	7	5	6	6	6	17	17	
8	8	8	17	11	11	11	15	15	
11	11	11	20	20	
7	7	7	16	16	
6	18	18	8	8	18	18	
17	16	16	15	15	11	11	
13	18	
20	13	
5	5	16	16	10	10	
7	7	18	18	9	9	


2
18	5	
6	7	

2	2	3	3	2	4	3	2	
45	97	
83	52	
1	1	
89	88	
87	45	
1	1	
65	65	92	
33	33	72	
1	1	1	
76	54	43	
40	71	78	
1	1	1	
72	89	
74	73	
1	1	
59	44	44	46	
38	32	32	47	
1	1	1	1	
56	100	40	
41	45	92	
1	1	1	
73	83	
77	54	
1	1	

