8

10	8	6	10	9	5	6	8	
15	15	15	6	6	6	18	8	8	14	
5	5	5	6	6	6	10	10	10	19	
17	17	20	20	15	15	15	15	
5	5	15	15	13	13	9	9	
17	17	9	9	12	12	
9	9	9	9	14	14	
18	18	18	13	13	8	9	14	14	14	
20	20	20	9	9	9	7	14	14	14	
16	16	16	10	10	10	12	6	6	
10	10	10	14	14	14	17	15	15	
16	18	16	16	16	
14	8	5	5	5	
19	19	19	6	6	17	
7	7	7	14	14	16	
7	7	7	10	10	11	13	13	
16	16	16	14	14	12	8	8	


2
15	6	
5	6	

2	3	3	3	2	2	2	3	
78	72	
86	67	
1	1	
53	37	67	
67	80	56	
1	1	1	
57	52	75	
85	50	37	
1	1	1	
64	45	75	
44	96	52	
1	1	1	
56	53	
93	49	
1	1	
51	65	
89	72	
1	1	
92	81	
64	95	
1	1	
62	32	95	
52	97	35	
1	1	1	

