8

5	12	7	7	6	6	7	13	
14	14	15	15	14	
10	10	13	13	12	
11	11	11	6	6	7	7	5	5	5	13	13	
18	18	18	12	12	7	7	12	12	12	18	18	
10	13	13	8	8	5	5	
5	6	6	10	10	13	13	
8	8	8	14	9	9	9	
19	19	19	10	11	11	11	
13	13	18	18	10	10	
20	20	12	12	5	5	
7	7	13	9	9	19	
14	14	7	11	11	17	
6	17	17	19	15	15	11	
14	19	19	10	9	9	11	
13	13	13	16	16	12	12	12	5	5	5	19	19	
18	18	18	6	6	8	8	8	18	18	18	11	11	


3
7	5	10	
7	12	5	

3	2	3	3	2	2	3	3	
75	69	76	
82	79	64	
1	1	1	
49	61	
68	79	
1	1	
92	74	78	
41	51	93	
1	1	1	
61	45	34	
85	51	50	
1	1	1	
41	63	
50	84	
1	1	
81	53	
43	45	
1	1	
35	33	33	
82	34	34	
1	1	1	
92	83	70	
52	65	70	
1	1	1	

