12

5	7	6	7	4	10	4	4	5	9	5	11	
7	7	12	12	12	
8	8	10	10	10	
13	13	19	19	19	6	6	
6	6	14	14	14	11	5	
19	8	8	15	15	15	
15	17	17	19	19	19	
7	7	14	14	14	14	8	
7	7	17	13	13	13	16	
7	8	8	8	
13	7	7	7	
17	13	13	5	5	16	16	6	6	6	
16	17	17	10	10	12	12	15	15	15	
13	13	9	9	
15	15	18	18	
15	15	15	11	
18	18	18	9	
16	16	16	10	10	
10	17	17	13	13	
11	19	19	7	15	15	15	15	15	
14	8	8	14	6	6	19	19	19	
13	15	18	18	18	
16	18	7	7	7	
9	9	9	16	16	5	5	15	14	14	14	
14	14	14	8	8	19	19	7	17	17	17	


2
6	5	
5	10	

2	2	3	2	2	3	3	3	2	2	2	2	
65	93	
50	92	
1	1	
90	57	
68	69	
1	1	
78	56	62	
71	70	100	
1	1	1	
50	30	
84	49	
1	1	
73	44	
99	72	
1	1	
48	70	100	
50	79	52	
1	1	1	
36	36	92	
93	77	90	
1	1	1	
74	47	100	
65	70	34	
1	1	1	
50	70	
81	87	
1	1	
52	46	
86	48	
1	1	
93	31	
47	89	
1	1	
81	37	
92	80	
1	1	

