12

5	8	5	12	5	6	13	12	6	6	6	6	
6	7	16	11	11	
5	8	12	8	8	
13	13	7	7	7	11	11	11	
13	13	19	19	19	7	7	7	
8	15	18	14	14	
20	11	8	9	9	
17	17	17	19	19	19	13	9	9	9	7	7	
17	17	17	11	11	11	11	11	11	11	14	14	
18	19	18	18	15	
13	15	19	19	14	
17	17	17	10	10	10	
6	6	6	5	5	5	
8	8	8	8	8	6	6	6	16	16	8	8	8	
18	18	16	16	16	13	13	13	7	7	7	7	7	
14	14	14	20	20	20	17	17	17	12	12	12	
6	6	6	19	14	14	17	17	17	14	14	14	
9	9	9	18	6	6	
5	5	5	13	5	5	
13	13	13	12	15	15	
13	13	13	9	16	16	
15	15	15	7	7	7	
12	12	12	12	12	12	
5	12	12	12	6	6	
18	6	6	6	17	17	


2
6	5	
5	18	

2	2	3	2	3	2	3	3	2	2	3	3	
73	72	
35	91	
1	1	
39	54	
63	63	
1	1	
96	63	54	
44	56	53	
1	1	1	
45	69	
82	37	
1	1	
72	63	37	
62	36	97	
1	1	1	
39	84	
37	42	
1	1	
31	31	98	
38	38	38	
1	1	1	
99	94	65	
67	93	87	
1	1	1	
78	42	
66	95	
1	1	
78	84	
50	44	
1	1	
76	70	76	
51	88	57	
1	1	1	
71	44	55	
40	52	58	
1	1	1	

