12

4	8	4	7	6	6	9	5	7	9	6	2	
5	5	5	20	
11	11	11	15	
8	8	20	20	19	14	19	19	
19	19	18	18	11	7	5	5	
12	17	17	17	
5	14	14	14	
20	20	11	11	11	13	13	
10	10	10	10	10	18	18	
13	13	13	13	6	20	
18	18	15	15	12	17	
19	19	11	17	17	17	
9	9	17	9	9	17	
9	9	9	5	5	5	19	19	19	
16	16	16	20	20	20	9	9	9	
19	19	15	15	15	
5	5	17	17	17	
10	6	5	5	10	10	10	
17	15	12	12	10	10	10	
19	19	19	9	5	20	20	20	15	
6	6	6	16	8	20	20	20	10	
11	12	12	15	15	15	
20	15	15	6	6	6	
14	14	
6	9	


2
12	5	
5	8	

3	2	2	3	2	2	3	3	2	3	3	2	
100	68	86	
62	83	66	
1	1	1	
82	65	
51	68	
1	1	
66	60	
60	63	
1	1	
81	32	97	
52	97	46	
1	1	1	
34	39	
57	95	
1	1	
38	33	
92	95	
1	1	
77	37	50	
44	100	37	
1	1	1	
86	92	72	
62	99	43	
1	1	1	
58	57	
34	88	
1	1	
51	51	50	
45	45	53	
1	1	1	
98	84	35	
92	46	45	
1	1	1	
37	41	
35	54	
1	1	

