12

8	8	7	4	10	5	10	4	4	7	4	6	
19	13	13	13	14	14	14	14	
20	12	12	12	7	19	19	19	
8	10	10	18	18	18	10	10	
9	8	8	14	14	14	19	19	
17	15	15	15	20	20	20	
14	10	10	10	12	12	12	
10	10	10	15	
6	6	6	20	
15	8	8	8	13	13	20	15	15	15	
18	8	8	8	16	16	15	17	17	17	
8	19	19	19	19	
19	6	19	19	19	
14	14	14	8	8	8	5	9	9	9	
18	18	18	6	6	6	15	17	17	17	
11	9	9	9	
7	7	7	7	
7	8	19	19	
18	8	17	17	
18	18	20	20	20	19	19	
7	7	13	13	13	17	17	
9	9	15	15	
20	20	7	7	
19	5	5	13	13	13	
14	18	18	8	8	8	


2
8	5	
6	15	

3	2	3	3	3	3	2	3	2	2	2	3	
69	63	62	
73	95	94	
1	1	1	
69	39	
32	59	
1	1	
97	78	56	
33	42	30	
1	1	1	
87	36	33	
55	76	56	
1	1	1	
100	36	36	
84	41	41	
1	1	1	
85	92	46	
67	35	98	
1	1	1	
52	56	
75	60	
1	1	
35	67	62	
53	54	93	
1	1	1	
97	69	
66	39	
1	1	
83	54	
38	66	
1	1	
87	33	
51	55	
1	1	
68	39	82	
68	87	78	
1	1	1	

