12

9	8	4	12	10	5	6	6	2	10	4	6	
15	14	14	14	9	9	9	15	15	
11	20	20	20	16	16	16	7	7	
7	12	12	19	15	15	15	7	
6	20	20	8	8	8	8	18	
10	10	20	20	
16	16	12	12	
20	14	14	14	16	16	16	9	9	9	8	8	
15	18	18	18	15	15	15	6	6	6	16	16	
12	12	12	20	20	20	12	6	6	6	
11	11	11	13	13	13	20	13	13	13	
15	15	15	11	11	
19	19	19	14	15	
5	5	7	7	8	8	
5	5	12	12	14	14	
17	17	14	14	14	7	
17	17	7	7	7	13	
14	5	
6	17	
6	6	15	15	17	17	17	19	19	19	
20	20	6	6	14	14	14	14	12	12	
5	5	5	5	
18	20	20	20	
11	11	20	20	20	13	
15	15	13	13	13	19	


1
5	
5	

3	2	3	4	3	2	2	2	3	3	2	3	
86	57	64	
45	40	87	
1	1	1	
70	95	
31	99	
1	1	
49	83	35	
36	98	51	
1	1	1	
61	97	34	34	
63	89	40	40	
1	1	1	1	
33	68	90	
65	56	82	
1	1	1	
83	79	
83	81	
1	1	
51	33	
77	95	
1	1	
32	99	
35	81	
1	1	
47	72	83	
58	81	51	
1	1	1	
42	75	57	
99	47	87	
1	1	1	
66	54	
59	86	
1	1	
55	99	67	
58	45	73	
1	1	1	

