12

5	3	4	11	8	10	5	3	5	7	8	7	
6	8	16	16	15	
13	15	7	7	15	
18	18	7	
5	5	17	
7	17	17	17	
19	13	13	13	
13	13	12	12	20	20	16	16	14	14	14	
12	12	19	19	17	17	19	19	6	6	6	
13	19	14	14	6	6	20	20	
15	7	15	15	19	19	7	7	
17	17	10	10	10	5	15	15	15	18	
11	11	9	9	9	19	11	11	11	12	
12	12	19	19	11	
6	6	16	16	20	
14	14	13	
6	17	14	
7	19	19	19	18	
10	8	8	8	16	
17	17	13	13	6	6	6	
19	19	11	11	10	10	10	
14	14	17	17	17	12	12	7	
18	18	19	19	19	15	15	13	
9	14	14	14	19	19	19	
15	8	8	8	10	10	10	


5
18	10	5	12	6	
5	9	19	6	10	

2	3	2	2	3	3	2	2	3	2	3	2	
51	79	
42	85	
1	1	
95	100	54	
82	90	75	
1	1	1	
85	69	
35	83	
1	1	
90	81	
100	96	
1	1	
79	51	85	
91	40	79	
1	1	1	
78	85	85	
59	31	56	
1	1	1	
81	66	
76	70	
1	1	
80	74	
52	68	
1	1	
83	45	95	
95	48	63	
1	1	1	
79	79	
82	36	
1	1	
32	45	78	
85	97	86	
1	1	1	
45	36	
42	71	
1	1	

