12

10	3	7	11	12	11	5	5	4	4	8	7	
16	19	19	19	17	17	17	18	18	18	
9	13	13	13	12	12	12	17	17	17	
20	20	11	
18	18	5	
18	13	13	13	17	17	17	
5	19	19	19	15	15	15	
6	20	20	20	15	17	17	17	7	7	7	
6	5	5	5	12	18	18	18	15	15	15	
13	13	13	5	8	8	8	9	9	10	10	10	
13	13	13	18	8	8	8	15	15	18	18	18	
8	8	16	16	15	11	11	11	10	10	10	
15	15	15	15	13	5	5	5	5	5	5	
9	9	9	14	14	
18	18	18	14	14	
11	11	18	9	8	
6	6	17	7	13	
16	10	10	10	
20	13	13	13	
15	15	19	19	
17	17	19	19	
5	5	5	14	13	5	5	5	
5	5	5	11	11	20	20	20	
15	18	7	7	13	13	13	
17	16	18	18	19	19	19	


1
5	
5	

5	2	2	2	3	2	2	2	3	3	2	2	
47	71	32	32	32	
71	96	51	51	51	
1	1	1	1	1	
62	38	
65	91	
1	1	
100	69	
62	62	
1	1	
61	84	
47	91	
1	1	
90	42	91	
82	52	35	
1	1	1	
93	95	
96	54	
1	1	
67	72	
97	65	
1	1	
43	58	
81	100	
1	1	
37	48	54	
58	40	93	
1	1	1	
63	71	50	
69	52	36	
1	1	1	
89	94	
50	56	
1	1	
91	57	
67	72	
1	1	

