12

9	5	8	3	9	6	6	5	14	12	4	12	
15	15	15	13	15	15	15	8	8	
13	13	13	11	5	5	5	15	15	
20	20	6	6	6	
16	16	12	12	12	
17	17	8	8	8	8	8	8	
19	19	10	10	10	17	17	17	
19	19	14	
12	12	17	
19	17	6	18	18	18	11	11	11	
11	11	20	17	17	17	6	6	6	
19	19	19	15	15	15	
14	14	14	15	15	15	
14	14	5	5	15	15	
18	18	19	19	16	16	
12	12	9	19	19	
17	17	15	9	9	
14	14	14	7	7	15	15	15	19	19	19	9	9	9	
5	5	5	5	5	15	15	15	18	18	18	19	19	19	
11	11	11	7	7	7	6	6	6	6	6	6	
13	13	13	8	8	8	15	15	15	9	9	9	
20	12	12	12	
19	7	7	7	
15	15	10	10	7	7	11	11	11	15	15	15	
14	14	17	17	18	18	20	20	20	18	18	18	


3
5	7	6	
19	5	9	

2	3	2	3	3	2	2	2	3	2	2	2	
93	38	
73	66	
1	1	
94	53	100	
36	41	64	
1	1	1	
69	92	
98	99	
1	1	
75	36	66	
42	41	47	
1	1	1	
35	35	59	
40	40	64	
1	1	1	
71	53	
51	31	
1	1	
73	71	
55	61	
1	1	
93	35	
34	74	
1	1	
99	37	37	
49	69	69	
1	1	1	
65	31	
81	61	
1	1	
79	75	
48	73	
1	1	
89	58	
72	91	
1	1	

