12

7	6	5	4	6	6	4	9	6	8	10	11	
12	8	8	15	9	9	12	
20	20	20	16	6	6	9	
14	8	7	6	6	6	
19	11	10	5	5	5	
10	15	16	16	16	
6	20	10	10	10	
9	10	11	7	
12	12	14	14	
5	10	10	6	6	6	
5	11	11	10	10	10	
18	18	11	11	5	9	
12	12	6	6	15	13	
17	6	6	6	
10	7	7	7	
9	11	5	5	5	13	13	13	13	
15	9	18	18	18	12	12	6	6	
5	8	8	11	6	10	
9	16	16	5	16	11	
19	20	8	8	8	12	12	12	
15	15	17	17	17	10	10	10	
9	9	11	11	11	20	20	20	14	14	
9	9	14	14	14	9	9	9	14	14	
16	16	16	19	19	6	6	6	20	20	20	
20	20	20	16	16	7	7	7	15	15	15	


1
5	
5	

3	3	3	3	2	3	2	3	3	3	3	5	
70	90	36	
66	86	44	
1	1	1	
75	47	32	
85	59	38	
1	1	1	
99	45	65	
44	83	95	
1	1	1	
86	48	72	
72	81	42	
1	1	1	
99	48	
35	43	
1	1	
39	72	52	
43	55	60	
1	1	1	
30	81	
34	84	
1	1	
81	46	38	
48	32	36	
1	1	1	
89	99	46	
65	66	66	
1	1	1	
40	46	70	
92	49	67	
1	1	1	
76	66	85	
42	90	60	
1	1	1	
91	46	46	41	41	
86	39	39	41	41	
1	1	1	1	1	

