12

3	2	8	9	5	6	4	11	4	3	4	10	
6	6	16	
7	7	8	
8	9	
19	14	
20	5	5	5	17	12	12	5	
5	7	7	7	10	12	12	13	
5	5	20	20	20	18	18	13	13	
8	8	13	13	13	16	16	15	15	
8	16	17	17	7	
15	19	11	11	7	
9	9	9	20	10	10	
8	8	8	18	9	9	
9	9	9	11	
7	7	7	10	
8	11	11	11	8	8	8	12	14	14	14	
17	7	7	7	20	20	20	14	11	11	11	
15	15	15	15	
13	15	15	15	
17	8	8	
9	18	18	
15	10	10	10	
13	5	5	5	
19	19	19	15	15	18	18	18	15	15	
16	16	16	20	20	17	17	17	20	20	


2
5	10	
7	5	

3	3	3	2	3	3	3	2	3	3	3	5	
34	34	98	
50	38	33	
1	1	1	
49	53	84	
78	70	100	
1	1	1	
79	69	76	
96	43	73	
1	1	1	
50	60	
98	59	
1	1	
36	90	73	
100	41	97	
1	1	1	
82	51	55	
96	40	47	
1	1	1	
50	77	66	
78	35	79	
1	1	1	
44	76	
45	54	
1	1	
62	93	90	
71	67	93	
1	1	1	
89	75	63	
62	86	40	
1	1	1	
38	59	100	
59	71	51	
1	1	1	
35	46	46	61	61	
99	94	94	51	51	
1	1	1	1	1	

